1 : (empty)     [0, 4, 7]
2 : +           [0, 4, 8]
3 : +7          [0, 4, 8, 10]
4 : +79         [0, 2, 4, 8, 10]
5 : +79#        [0, 3, 4, 8, 10]
6 : +7911#      [0, 2, 4, 6, 8, 10]
7 : +79b        [0, 1, 4, 8, 10]
8 : +j7         [0, 4, 8, 11]
9 : -           [0, 3, 7]
10 : -6         [0, 3, 7, 9]
11 : -69        [0, 2, 3, 7, 9]
12 : -7         [0, 3, 7, 10]
13 : -79        [0, 2, 3, 7, 10]
14 : -7911      [0, 2, 3, 5, 7, 10]      
15 : -7913      [0, 2, 3, 5, 7, 9, 10]
16 : -79b       [0, 1, 3, 7, 10]
17 : -j7        [0, 3, 7, 11]
18 : -j7911#    [0, 2, 3, 6, 7, 11]
19 : -j7913     [0, 2, 3, 5, 7, 9, 11]
20 : 6          [0, 4, 7, 9]
21 : 69         [0, 2, 4, 7, 9]
22 : 6911#      [0, 2, 4, 6, 7, 9]
23 : 7          [0, 4, 7, 10]
24 : 79         [0, 2, 4, 7, 10]
25 : 79#        [0, 3, 4, 7, 10]
26 : 79#11#     [0, 3, 4, 6, 7, 10]
27 : 79#13      [0, 3, 4, 5, 7, 9, 10]
28 : 7911       [0, 2, 4, 5, 7, 10]
29 : 7911#      [0, 2, 4, 6, 7, 10]
30 : 7913       [0, 2, 4, 5, 7, 9, 10]
31 : 7913b      [0, 2, 4, 5, 7, 8, 10]
32 : 79b        [0, 1, 4, 7, 10]
33 : 79b13      [0, 1, 4, 5, 7, 9, 10]
34 : 79b13b     [0, 1, 4, 5, 7, 8, 10]
35 : 7alt       [0, 1, 4, 6, 10]
36 : j7         [0, 4, 7, 11]
37 : j79        [0, 2, 4, 7, 11]
38 : j79#       [0, 3, 4, 7, 11]
39 : j79#11#    [0, 3, 4, 6, 7, 11]
40 : j7911#     [0, 2, 4, 6, 7, 11]
41 : m7b5       [0, 3, 6, 10]
42 : o          [0, 3, 6]
43 : o7         [0, 3, 6, 9]
44 : sus        [0, 5, 7]
45 : sus7       [0, 5, 7, 10]
46 : sus79      [0, 2, 5, 7, 10]
47 : sus7913    [0, 2, 5, 7, 9, 10]